# Created by Octave 5.2.0, Sun Aug 08 23:33:46 2021 CEST <tbs@bead30>
# name: NRhoTUWgammaRCvex
# type: matrix
# rows: 1
# columns: 8
 10000 1.2 0.45000000000000001 -7.0120086007193754 2.1012059460725023 5.1674851935839294 0.93143639063519901 2.1181853763487202


